5

0
0.0005
95 95 95
94 95 95
0 150 0
8
70.0248 92.84 59.7447
109.998 122.482 65.0752
94.3424 135.372 110.821
54.3798 105.733 105.504
95.757 54.6361 79.3205
135.719 84.2762 84.6366
120.037 97.1651 130.342
80.1024 67.5286 125.065
12
0 1
1 2
2 3
4 7
4 5
5 6
6 7
0 4
0 3
1 5
2 6
3 7

0
0.0005
120 120 120
0 0 0
0 255 255
4
194.999 194.999 194.999
128.326 177.691 179.038
179.037 128.326 177.691
177.693 179.037 128.326
6
0 1
1 2
2 3
3 0
0 2
1 3

0
0
0 0 0
0 0 0
255 100 100
3
0 0 0
0 50 0
50 0 0
3
0 1
1 2
2 0

0
0
0 0 0
0 0 0
255 100 100
3
225 225 275
275 225 225
275 225 275
3
0 1
1 2
2 0

0
0
0 0 0
0 0 0
255 100 100
3
0 275 0
0 275 50
0 225 0
3
0 1
1 2
2 0

